0
1
2
3
4
5
7
29
39
41
43
45
47
51
55
77
81
89
91
93
95
99
101
105
109
117
119
125
127
129
131
133
135
139
141
147
149
153
155
157
159
161
163
167
169
171
173
181
185
191
193
195
197
199
203
205
207
215
217
221
231
233
235
237
241
243
244
245
247
249
263
265
269
275
277
279
281
285
295
301
305
317
323
325
329
330
333
336
339
341
343
345
347
349
351
353
355
357
361
365
367
369
373
375
381
383
391
393
395
397
399
409
411
421
425
427
431
439
445
473
477
481
483
487
493
497
503
513
517
521
527
531
533
535
539
541
545
549
553
557
561
573
575
583
587
599
609
611
613
615
617
621
625
629
633
637
641
645
647
649
665
667
669
671
677
679
695
697
699
703
705
707
709
715
717
721
723
731
733
735
737
741
743
745
749
751
753
755
759
761
763
765
767
771
777
779
783
789
795
799
803
805
807
809
811
813
815
817
819
821
823
825
829
837
849
853
861
869
875
877
879
881
883
887
889
893
895
897
899
909
911
914
919
955
957
959
961
963
965
969
973
979
985
991
999
1009
1015
1017
1021
1029
1033
1037
1039
1047
1053
1055
1056
1059
1061
1063
1073
1077
1081
1083
1085
1089
1095
1097
1099
1105
1107
1109
1111
1113
1117
1119
1121
1123
1127
1129
1133
1135
1137
1141
1143
1145
1147
1149
1151
1153
1155
1157
1161
1163
1165
1167
1175
1177
1179
1181
1183
1189
1191
1193
1201
1203
1205
1207
1209
1211
1213
1215
1217
1221
1225
1227
1229
1233
1235
1237
1239
1241
1245
1247
1251
1253
1257
1261
1263
1265
1269
1271
1274
1279
1285
1303
1307
1311
1314
1319
1321
1323
1335
1339
1343
1349
1353
1367
1369
1377
1381
1383
1387
1389
1395
1405
1409
1919
1969
1971
1973
1981
1985
1989
1991